   -2
   -3
   -4
   -5
   -5
   -5
   -5
   -5
   -4
   -4
   -4
   -4
   -4
   -4
   -4
   -5
   -4
   -5
   -4
   -4
   -4
   -5
   -5
   -6
   -5
   -4
   -4
   -3
   -3
   -3
   -4
   -4
   -5
   -5
   -5
   -5
   -5
   -6
   -5
   -4
   -3
   -3
   -5
   -5
   -5
   -5
   -2
   -2
   -6
   -6
   -8
   -9
   -9
   -9
   -8
   -9
   -7
   -6
   -5
   -5
   -5
   -5
   -6
   -7
   -7
   -7
   -8
   -8
   -8
   -7
   -7
   -6
   -6
   -5
   -6
   -6
   -5
   -5
   -6
   -5
   -6
   -6
   -7
   -7
   -7
   -6
   -7
   -9
   -9
   -8
   -7
   -6
   -7
   -7
   -6
   -6
   -5
   -5
   -5
   -6
   -7
   -6
   -6
   -4
   -5
   -6
   -6
   -6
   -7
   -7
   -7
   -8
   -7
   -7
   -8
   -8
   -8
 -233
  -43
   21
   29
   24
   20
   17
   12
    9
    0
   -4
   -5
   -5
   -6
   -7
   -7
   -8
   -8
   -8
   -6
   -5
   -6
   -5
   -5
   -5
   -4
   -2
   -3
   -5
   -6
   -5
   -4
   -4
   -3
   -4
   -4
   -2
    0
    0
    1
    1
    2
    2
    2
    3
    4
    2
    3
    4
    4
    4
    5
    4
    5
    5
    5
    7
    6
    5
    4
    5
    4
    4
    5
    5
    6
    6
    5
    6
    7
    6
    5
    5
    4
    2
    3
    4
    5
    3
    2
    3
    3
    2
    2
    2
    3
    4
    4
    5
    5
    4
    3
    3
    4
    4
    2
    1
    1
    1
    0
    1
    2
    2
    4
    2
    1
    0
    2
    2
    1
    0
    0
   -1
   -2
   -2
   -3
   -2
   -3
   -3
   -4
   -5
   -4
   -3
   -5
   -6
   -5
   -4
   -2
   -3
   -7
  -12
   -8
   -6
   -4
   -5
   -5
   -7
   -9
   -9
  -10
  -10
  -10
  -11
  -11
  -10
  -10
   -9
   -9
  -11
  -15
  -17
  -19
  -17
  -19
  -19
  -17
  -17
  -19
  -17
  -16
  -16
  -16
  -16
  -16
  -16
  -15
  -15
  -17
  -17
  -17
  -16
  -16
  -17
  -17
  -15
  -14
  -14
  -17
  -17
  -18
  -21
  -21
  -19
  -18
  -17
  -16
  -17
  -17
  -17
  -16
  -17
  -17
  -19
  -20
  -20
  -20
  -20
  -18
  -19
  -18
  -19
  -18
  -18
  -19
  -19
  -19
  -18
  -21
  -20
  -18
  -18
  -16
  -16
  -18
  -18
  -19
  -21
  -20
  -20
  -19
  -18
  -17
  -19
  -20
  -21
  -19
  -17
  -17
  -16
  -17
  -17
  -18
  -19
  -19
  -21
  -20
  -21
  -23
  -23
  -24
  -23
  -25
  -27
  -28
  -28
  -27
  -25
  -24
  -24
  -23
 -638
 -213
   43
   88
   86
   77
   68
   63
   64
   65
   69
   77
   82
   88
   96
  104
  111
  115
  116
  113
  111
  115
  121
  126
  133
  139
  143
  145
  143
  140
  138
  133
  130
  127
  122
  116
  110
  105
   98
   93
   85
   78
   71
   64
   55
   51
   51
   51
   48
   46
   48
   46
   43
   40
   37
   33
   29
   26
   24
   20
   15
   10
    7
    4
    4
    2
    0
    0
   -1
   -1
   -1
   -1
   -1
   -1
   -1
   -2
   -2
   -2
   -3
   -3
   -3
   -3
   -4
   -5
   -6
   -6
   -4
   -4
   -5
   -7
   -6
   -6
   -7
   -7
   -8
  -10
   -9
   -9
   -9
   -9
   -9
   -9
   -9
   -7
   -8
   -7
   -6
   -7
   -9
   -9
  -10
  -11
  -12
   -9
   -7
   -8
   -9
   -7
   -8
   -8
   -8
   -5
   -4
   -7
   -7
   -7
   -6
   -7
   -7
   -7
   -7
   -6
   -4
   -5
   -7
   -9
   -9
   -8
   -7
   -7
   -7
   -7
   -8
   -8
   -7
   -7
   -6
   -6
   -8
   -8
   -8
   -8
   -8
   -8
   -7
   -6
   -6
   -6
   -6
   -7
   -8
   -9
   -7
   -4
   -3
   -2
   -3
   -3
   -2
   -1
    1
   -3
   -6
   -7
   -6
   -8
   -9
   -8
   -7
   -6
   -5
   -4
   -5
   -5
   -4
   -2
   -3
   -3
   -2
   -3
   -3
   -2
   -1
   -1
   -2
   -2
   -1
   -2
   -2
   -2
   -2
   -2
   -2
   -2
   -3
   -4
   -3
   -3
   -3
   -1
    1
    2
   -1
   -2
   -2
    0
    2
    1
   -1
   -2
   -1
   -1
    2
    3
    1
    3
    3
    4
    5
    5
    4
    4
    4
