-5
-5
-7
-10
-10
-5
-5
-6
-8
-8
-4
-1
-4
-6
-5
-2
0
-2
-4
-5
-1
0
-1
-4
-5
-2
0
-2
-4
-5
-3
-1
-2
-5
-7
-4
-1
-3
-6
-6
-4
0
0
-4
-5
-2
1
1
-1
-3
0
5
6
3
2
5
7
7
2
-2
0
2
1
-4
-6
-6
-3
-3
-5
-8
-6
-3
-3
-5
-8
-7
-4
-2
-5
-8
-8
-4
-3
-4
-8
-8
-4
-4
-9
-15
-15
-17
-25
-36
-48
-61
-72
-84
-90
-85
-75
-67
-63
-51
-40
-24
-6
8
13
16
21
25
28
28
26
25
28
31
31
27
27
31
33
32
28
29
32
35
35
32
32
34
36
37
35
33
35
39
38
36
34
36
39
37
34
32
33
33
33
28
26
25
25
23
20
15
14
15
14
10
5
4
5
3
-1
-4
-5
-3
-4
-6
-9
-8
-6
-4
-6
-9
-8
-5
-2
-5
-7
-6
-4
-1
-4
-4
-6
-2
-1
-2
-4
-5
-3
0
-3
-5
-6
-4
-2
-4
-5
-6
-5
-3
-3
-5
-7
-5
-2
-3
-4
-5
-3
0
0
-2
-3
-1
3
4
4
2
4
6
5
1
-1
0
1
-1
-4
-6
-7
-4
-4
-7
-8
-7
-5
-5
-6
-8
-8
-6
-5
-6
-9
-8
-5
-4
